14.0624,59.8498
79.9831,33.8413
45.992,10.0946
90.4888,89.1999
83.1796,71.0291
51.9045,13.9344
39.8283,85.6129
1.4242,45.29
34.7797,90.0916
40.9788,38.4809
2.5572,56.1606
6.4077,86.4421
11.6979,31.7044
40.1743,72.2826
56.1138,60.6745
55.1018,58.9198
90.0874,3.3343
36.1584,61.1003
88.447,20.2178
30.1621,96.6221
39.9598,40.5221
45.9679,67.1799
45.3986,8.6562
24.2065,35.742
75.7215,72.2619
72.4694,97.5853
1.9076,52.7186
9.7263,13.026
29.5355,11.7017
70.2401,55.25
75.0989,60.7679
49.2714,63.8529
64.623,36.564
13.8454,67.7053
71.5755,99.0002
7.2718,57.3275
52.766,26.3752
25.0985,39.4337
51.5867,38.7457
98.6029,60.8545
80.6561,72.8534
5.6186,53.7332
52.8906,8.3348
61.8697,80.8651
31.7336,65.8833
49.6421,81.9219
18.3765,94.6434
24.9936,93.9906
76.5897,76.729
55.9633,63.9038
12.5979,90.6072
43.6475,89.1653
27.6358,71.3795
23.1058,27.9865
51.1064,59.3824
64.2423,67.2014
23.9056,91.9326
27.3521,50.3183
12.1702,8.4192
21.8458,29.4472
11.6996,23.7121
57.318,19.3556
62.9789,51.2926
81.8356,21.8048
96.2886,27.6837
40.1481,63.3794
62.3689,95.5158
77.8458,13.932
90.4313,62.2737
23.8328,42.5119
30.368,20.1435
48.056,17.1463
7.7364,34.3117
83.6458,55.8359
68.1327,72.6854
5.6476,13.7346
35.6458,65.6399
16.8701,34.0638
5.863,34.852
20.9804,79.5664
88.402,57.1542
27.9163,66.382
30.8214,21.0329
93.1541,94.2893
86.7909,88.2545
76.2263,21.6373
45.2302,39.9575
51.1389,80.0111
74.4851,75.2753
10.9703,50.8731
41.468,44.6709
30.0421,46.31
52.3162,76.2451
65.4998,89.0504
33.8934,42.2962
75.8267,28.1532
19.6485,3.6491
69.4439,56.9157
51.3779,65.8271
8.3447,4.7388