59.8498
33.8413
10.0946
89.1999
71.0291
13.9344
85.6129
45.29
90.0916
38.4809
56.1606
86.4421
31.7044
72.2826
60.6745
58.9198
3.3343
61.1003
20.2178
96.6221
40.5221
67.1799
8.6562
35.742
72.2619
97.5853
52.7186
13.026
11.7017
55.25
60.7679
63.8529
36.564
67.7053
99.0002
57.3275
26.3752
39.4337
38.7457
60.8545
72.8534
53.7332
8.3348
80.8651
65.8833
81.9219
94.6434
93.9906
76.729
63.9038
90.6072
89.1653
71.3795
27.9865
59.3824
67.2014
91.9326
50.3183
8.4192
29.4472
23.7121
19.3556
51.2926
21.8048
27.6837
63.3794
95.5158
13.932
62.2737
42.5119
20.1435
17.1463
34.3117
55.8359
72.6854
13.7346
65.6399
34.0638
34.852
79.5664
57.1542
66.382
21.0329
94.2893
88.2545
21.6373
39.9575
80.0111
75.2753
50.8731
44.6709
46.31
76.2451
89.0504
42.2962
28.1532
3.6491
56.9157
65.8271
4.7388